4 0.271875 0.1296875 0.115625 0.075
4 0.59375 0.1359375 0.090625 0.0640625
4 0.709375 0.1328125 0.11875 0.065625
2 0.4984375 0.303125 0.090625 0.09375
1 0.6359375 0.7328125 0.071875 0.2015625
3 0.5875 0.5 0.0640625 0.0671875
1 0.5328125 0.7390625 0.0578125 0.2
3 0.309375 0.503125 0.06875 0.0625
3 0.7140625 0.49375 0.0703125 0.0671875
3 0.4296875 0.134375 0.0765625 0.065625
2 0.4109375 0.3109375 0.0671875 0.071875
2 0.3328125 0.3140625 0.08125 0.078125
0 0.4421875 0.5 0.128125 0.06875
0 0.4 0.7859375 0.1078125 0.0984375