1 0.6875 0.75 0.08125 0.209375
2 0.5546875 0.3203125 0.08125 0.0828125
2 0.409375 0.3234375 0.071875 0.06875
3 0.515625 0.1703125 0.0671875 0.0625
1 0.5890625 0.7328125 0.0703125 0.203125
2 0.4859375 0.325 0.0609375 0.0640625
3 0.7625 0.5234375 0.071875 0.065625
4 0.390625 0.1703125 0.1296875 0.059375
3 0.634375 0.509375 0.0609375 0.0609375
3 0.396875 0.4828125 0.0546875 0.0515625
0 0.471875 0.7515625 0.125 0.1046875
0 0.5125 0.4953125 0.1265625 0.0671875
4 0.7765625 0.1625 0.0734375 0.075
4 0.653125 0.16875 0.0609375 0.0609375