0 0.5625 0.5546875 0.090625 0.040625
3 0.565625 0.3296875 0.0453125 0.040625
1 0.7046875 0.75 0.05625 0.165625
1 0.6265625 0.740625 0.05 0.1609375
3 0.4796875 0.5453125 0.0421875 0.0390625
2 0.496875 0.43125 0.0484375 0.0453125
2 0.596875 0.4265625 0.0578125 0.0578125
3 0.6578125 0.55625 0.0453125 0.046875
3 0.7515625 0.5625 0.0515625 0.046875
2 0.5453125 0.425 0.046875 0.0546875
4 0.4796875 0.33125 0.075 0.0375
4 0.6625 0.328125 0.0421875 0.040625
0 0.53125 0.765625 0.0984375 0.075
4 0.7421875 0.3234375 0.0484375 0.0453125