1 0.54375 0.746875 0.08125 0.215625
1 0.65 0.76875 0.0953125 0.2328125
3 0.5109375 0.4734375 0.059375 0.05625
3 0.4140625 0.4734375 0.0640625 0.0609375
3 0.3453125 0.45625 0.065625 0.059375
3 0.5859375 0.503125 0.0703125 0.06875
2 0.5984375 0.3015625 0.071875 0.071875
2 0.696875 0.2921875 0.1 0.1015625
0 0.428125 0.7609375 0.1375 0.1171875
2 0.353125 0.1125 0.09375 0.078125
4 0.4109375 0.296875 0.2265625 0.0546875
4 0.6984375 0.5 0.0953125 0.115625
4 0.7359375 0.0984375 0.0953125 0.0859375
0 0.5375 0.1234375 0.1578125 0.0484375