4 0.6671875 0.3546875 0.0578125 0.0265625
1 0.7 0.753125 0.0625 0.1625
1 0.625 0.7421875 0.05625 0.1515625
3 0.7359375 0.5765625 0.0390625 0.0453125
3 0.5796875 0.3515625 0.040625 0.0359375
2 0.509375 0.4421875 0.04375 0.0421875
3 0.6546875 0.5671875 0.0421875 0.0453125
2 0.6015625 0.440625 0.0515625 0.0515625
0 0.54375 0.759375 0.0953125 0.06875
3 0.496875 0.546875 0.0390625 0.0375
2 0.5578125 0.440625 0.0390625 0.04375
4 0.50625 0.35 0.0796875 0.034375
4 0.7328125 0.3515625 0.0484375 0.040625
0 0.5703125 0.5640625 0.0859375 0.0328125