4 0.7125 0.4859375 0.1015625 0.090625
1 0.6734375 0.7578125 0.0828125 0.215625
1 0.565625 0.7640625 0.06875 0.2140625
3 0.5125 0.490625 0.0609375 0.059375
3 0.6265625 0.5078125 0.0671875 0.0671875
2 0.35625 0.1 0.1078125 0.0890625
3 0.4234375 0.5046875 0.0703125 0.06875
3 0.3203125 0.496875 0.075 0.06875
4 0.39375 0.309375 0.2640625 0.059375
2 0.728125 0.29375 0.096875 0.096875
2 0.63125 0.2953125 0.0703125 0.0921875
0 0.596875 0.1234375 0.1609375 0.046875
0 0.4171875 0.809375 0.1203125 0.1078125
4 0.7625 0.1140625 0.1484375 0.0859375