4 0.796875 0.1578125 0.11875 0.1515625
1 0.565625 0.703125 0.06875 0.1671875
2 0.5171875 0.328125 0.096875 0.096875
3 0.45 0.128125 0.0859375 0.0890625
2 0.3390625 0.3375 0.0859375 0.0828125
3 0.615625 0.5203125 0.065625 0.06875
3 0.3421875 0.4890625 0.0671875 0.0609375
1 0.6703125 0.7171875 0.071875 0.1671875
3 0.7578125 0.53125 0.0765625 0.0703125
4 0.28125 0.1296875 0.1765625 0.1203125
2 0.428125 0.3140625 0.075 0.096875
4 0.6359375 0.1484375 0.078125 0.0953125
0 0.4734375 0.4890625 0.140625 0.103125
0 0.446875 0.709375 0.1171875 0.109375